8754
1523
3892
5530
8674
5303
1437
8921
3899
7865
6439
240
8618
1683
9068
3005
7158
5864
6993
2098
8619
4478
7105
5765
4982
3852
3877
4291
6457
130
2943
5028
3640
3324
685
5907
2087
1590
8466
2054
3497
4356
8789
9627
3997
1253
1112
442
5992
4774
2297
8344
1548
7137
5901
1288
1334
1339
8464
7459
2198
6944
5666
4452
2552
1871
9131
8256
5685
5215
7967
4705
7689
1899
3521
1103
4084
2635
8759
7758
4875
6188
8183
1411
7391
2474
6390
6365
527
538
7461
7702
2311
1992
2296
4123
8968
4010
4431
3064
3475
275
6225
1959
4877
6307
6468
3669
9389
8042
5759
6135
1241
8860
770
3956
9124
5393
1778
6318
7126
3850
6240
6728
6338
4542
3037
5915
8308
7599
6721
1518
3658
7829
1686
6675
1531
7952
6818
6191
2715
5406
1333
5712
284
6050
5540
7977
5539
7817
853
9778
4362
1424
9566
3869
4992
2088
2326
952
2977
9268
4565
574
7357
5398
9552
4448
3122
7871
3785
5635
3157
1425
3412
5399
4444
6925
2016
8438
4315
4786
9011
1789
973
9242
3457
4051
3689
9933
6447
2662
4155
271
9430
1399
4872
901
5199
2595
6235
3300
4402
7616
3762
111
3169
290
3897
3666
4583
5010
7220
8412
7398
7396
600
1292
409
1340
5369
8712
6212
3033
3535
399
1529
599
7650
9046
2879
5979
9619
6713
7700
422
192
5327
7484
1269
8127
3878
6568
7128
2085
113
2893
6895
930
2647
3478
2619
9832
9502
9701
9311
8016
4049
3466
7873
8167
9666
5843
1986
3034
4380
4381
1621
5705
9137
7097
1735
8769
4325
6538
8706
1452
7329
3448
5001
273
7188
7417
5610
3243
2210
5280
2790
4539
4918
1622
3823
4461
1859
7382
7182
4885
1192
8553
3760
7649
4828
2058
9145
8857
3989
9319
7727
3681
3349
179
7490
2560
3365
4082
4091
4506
378
3849
2018
755
6620
3553
5375
5640
473
4799
9007
9520
5739
5696
4143
5546
1092
4850
9883
191
3046
3641
3707
3080
7694
8128
7571
3554
99
3386
786
1796
6573
7238
1214
2258
8470
9808
958
6082
6424
548
8100
2073
5930
2741
2278
2630
7409
4773
1583
8408
5824
9827
3474
3726
4176
4651
4416
9912
6077
3716
5328
9511
8278
1272
4576
5170
6025
5394
5747
8367
8096
6535
6519
1386
5771
1457
9920
78
8254
5813
9565
9310
8504
9761
4985
8482
6646
6463
8636
49
9811
9072
4273
5437
3234
7607
8566
2642
3202
1087
8225
1308
1358
6051
1191
8744
9264
6983
654
18
6821
4784
9505
4335
2965
3249
440
9557
6233
7821
7072
9651
859
9645
195
8088
381
5159
737
6113
5115
6982
7565
6249
291
1712
9231
721
2460
267
6969
7620
375
8257
5072
6431
7066
4698
9595
3095
646
618
16
7068
1733
6364
204
3996
709
9216
8148
8627
8565
8855
3534
8013
5827
7207
370
3596
2867
1942
5237
1717
9490
9859
4397
9923
6335
9139
7335
6433
348
1785
9643
382
2300
3948
5047
6317
1886
9689
5614
411
4821
4526
2322
9444
5593
7591
813
3256
2968
4881
8368
4104
2053
3164
2079
4570
6724
7972
1211
506
5230
3502
7880
251
7127
9959
1885
2029
8429
7467
2149
8583
1693
5059
2653
3460
5947
3463
9744
592
1837
7539
2157
9426
6432
4614
320
7233
3070
4124
5412
6162
261
8223
6777
6587
5090
1287
3790
4013
1277
2669
8720
2799
3722
1215
5373
9345
6970
8374
9158
3455
7635
4807
5269
3471
6313
7740
9439
2347
6915
9675
7206
6831
83
8492
2708
4230
1362
7990
8465
127
189
5854
7996
4313
4991
213
3657
7555
818
7800
1366
5334
8224
8721
6484
8310
6500
7048
9756
329
509
8130
2043
9151
982
1929
771
8351
9593
4544
1378
8672
4094
7090
4832
7991
8840
8723
47
8252
3106
9075
7067
5494
3905
4981
8685
4519
3950
5232
5704
3401
1957
6628
1875
6766
1779
1741
3660
1799
2724
3101
6958
4686
3424
9390
9206
8087
7981
590
8359
2239
5807
9753
4338
1757
7308
3618
3400
6467
3353
3210
6091
6186
7909
5586
5887
6523
8437
3394
7641
2914
5576
1229
7718
3398
4638
5182
2987
3244
3875
3225
3520
394
4573
5972
9825
568
2752
4589
1084
5922
2570
2237
8180
2045
8739
1534
2593
9533
5309
6654
620
941
6968
6566
8882
2286
798
5363
5384
9467
8283
2953
6132
5982
5968
2306
4205
6678
7772
1924
5851
4608
6814
8444
57
5295
5423
1501
6715
2982
3802
450
2331
9218
2002
8692
7896
8546
9674
932
4321
7705
782
9967
4976
8805
1647
1439
4042
5401
2726
7648
4280
7455
7523
3094
7350
7801
3028
6218
7776
6145
5624
2078
7418
2598
8893
5331
4277
2592
2969
8330
8548
385
9061
2314
6686
6530
5082
7819
9433
9739
8014
6540
8829
8383
4626
8018
1122
8698
2848
219
8353
6580
6542
3469
979
289
2437
9021
8054
8897
4466
95
8649
404
4546
1907
4198
6421
1438
2853
54
8462
2008
3172
1887
2150
8875
1507
2012
606
3951
90
3176
9516
2017
4142
1065
9826
24
7014
5580
8632
7692
4664
4458
9465
5077
7165
8884
9590
91
2052
7592
8959
5740
6798
461
8370
8874
3387
3124
7175
2310
3797
1047
5362
2282
8065
3392
5664
3900
5825
4158
5897
5737
464
8009
5708
103
5707
4924
8681
5347
6392
3621
6391
8341
8139
8213
100
8872
3113
3499
1031
8915
719
6911
405
1442
6017
2478
8745
1524
8896
4318
4006
7093
3374
5872
7750
4465
4105
1648
324
4830
6524
8926
8775
5923
7950
6626
6355
8151
5798
3536
4788
8888
5498
7267
5986
3546
8863
8102
6888
3635
6166
2236
8185
6172
2504
3268
1843
3292
528
766
8991
6726
2878
2712
2604
8179
6298
1892
6231
8923
6339
7493
2813
1829
1139
7322
8881
4741
4666
1599
6627
9159
497
7101
3432
2924
8031
303
1993
5049
7465
3667
396
4684
4538
7427
7258
9425
8175
7746
3784
1160
9338
9815
1188
8812
4223
4869
7053
5360
365
1536
3239
4618
3038
1048
7659
8521
393
5522
1193
643
7100
7853
6029
102
7167
7095
5645
7153
3347
7854
108
5788
7989
5007
3637
4967
2808
9306
6030
5124
1640
4129
2978
5078
5404
3793
2964
2223
7901
6101
5690
3373
4754
9605
2974
3354
631
1024
585
8662
6187
3758
4154
2355
6987
1602
2406
2952
5943
3275
7274
1834
3605
4162
5100
3720
233
7482
9328
7277
2395
3958
8880
7288
6119
1669
4708
6743
5881
7217
3236
4901
1311
3370
9190
3067
6295
9968
4752
7501
9615
1998
7169
2682
8609
4646
5931
704
441
5507
3998
792
7485
1816
178
5966
4972
7034
8258
4987
1658
7435
3519
7658
7793
4537
154
5484
1212
5916
2362
7509
1915
3757
6067
5984
175
5429
3229
1664
2293
3577
3395
5251
6576
7125
9020
2191
1514
8993
7064
2659
5434
6194
6060
439
1463
4181
9189
8505
5496
45
998
6179
6134
3724
6323
7882
7115
582
4904
5912
1821
5665
2658
1617
679
534
7839
8416
2398
2481
7385
2244
9939
6950
9917
6783
3320
8371
4178
3073
1879
9915
7653
2665
2007
1934
7483
7264
9952
8624
4897
7594
8202
5173
1968
8493
5569
200
6800
1478
3513
3579
9676
2042
552
7171
7252
9130
2783
2544
322
5260
7454
9078
5057
2698
8638
2843
3867
6454
5823
3829
2515
4792
6042
8143
7005
2416
6541
8871
7573
2330
1059
6544
4998
7155
3970
6274
1852
3437
5106
5341
2561
6023
1676
7808
9941
3683
2380
3965
6387
9027
9358
3128
4800
3302
3003
9245
6486
8058
7919
531
8261
401
4432
4233
8046
4783
1815
3634
7876
7225
6846
5443
2022
2687
7863
7215
5457
7388
7426
2680
1848
6909
2966
9366
5074
9736
4144
7328
3650
6461
4192
6329
7092
5233
8640
4635
5340
6977
8845
2975
2265
8776
2273
7780
4721
2203
268
707
9576
9697
2836
8572
42
2233
8581
6465
6161
3423
8327
1541
9371
2480
5902
4243
6774
1987
269
2548
2590
1849
1297
608
2655
8360
1224
4811
2152
5273
1166
9863
5732
7816
7670
7804
994
114
8550
2393
4585
7969
5492
4838
3346
776
9802
4823
2542
5128
4085
1856
1209
8399
7474
231
6632
691
6281
9599
9725
2622
9096
7563
451
5490
7212
4691
1154
6857
7149
1744
7511
21
2502
9388
4322
140
7760
584
5896
109
5810
252
7915
7422
560
8741
5353
6902
4132
467
1051
2828
4056
3150
126
7813
208
1179
5532
822
9978
5611
727
2877
8507
758
8173
6282
448
2401
8125
8529
4505
3421
2827
3356
6410
5545
9441
9353
6905
7921
2907
5326
453
3315
5615
637
784
1858
494
3376
9898
5014
62
6776
3712
8972
346
5379
7742
8842
8809
8941
3831
8407
1249
884
5560
8336
1227
3796
9009
1384
2922
2170
913
8471
9123
1078
4392
193
9253
3509
3524
3991
7583
7457
7401
6382
3045
6416
9315
7752
6109
2862
9840
4044
2287
2935
777
2112
4624
7286
6002
2023
9748
6727
7369
3385
7913
7881
3518
9705
4819
7942
1894
2605
5446
4643
7958
2131
6477
7644
5418
6871
7767
5592
3971
8484
4492
3208
2637
644
412
4507
1372
2221
529
6839
1027
8432
2376
1009
3677
8113
5741
1279
6737
2988
639
6884
768
3570
8329
2689
2627
877
87
8950
3409
9183
9820
9894
2215
5318
8973
7299
5895
6437
4790
2992
7284
3798
633
7421
3378
8989
9798
4464
8325
3714
1266
597
8764
6550
4586
9684
1313
748
8707
4260
4564
9180
8503
3889
5080
4584
8089
9633
1853
3616
3860
4364
4476
990
9997
7021
2449
6315
4731
1581
6328
7156
5513
9508
875
1005
68
3912
7890
4847
9445
9932
6353
9354
5213
9809
1455
4239
2913
2517
9524
8086
8022
7794
8027
5148
310
8221
3002
8477
3226
9695
4004
3610
1846
7239
8551
247
8719
2624
8420
8163
6701
2235
491
3132
5336
8423
1398
6505
6637
5352
4079
6815
4943
4292
2466
7660
2884
9503
6164
8052
3921
3710
4252
7203
3993
1033
1226
8115
7862
2894
6156
3190
6283
7542
9404
9631
262
4566
1314
5944
7688
4806
4417
5209
9571
8008
9329
2918
5556
4999
1202
7654
2068
7289
5929
9544
9031
4780
579
5357
131
6398
7974
8234
7472
3119
593
2467
2967
6080
2499
9105
3713
6273
2941
3381
9620
9448
4298
7714
2508
4150
3284
7585
6304
9888
7833
5119
4414
712
414
3251
4590
3348
4183
1218
6146
7075
8718
9431
7905
1102
6244
6300
6195
9226
3763
6291
5285
7874
9578
4922
9817
8077
5905
1721
6155
4963
7708
5754
8901
458
2092
4264
8269
8277
1401
5950
9023
7102
97
6595
5699
2485
2889
2222
6261
3345
2162
4785
8328
3290
2141
8787
1550
9355
1018
2995
157
2651
1642
7312
9656
6303
4954
7242
3072
5460
7011
6883
8690
3062
8111
3059
5834
5919
8557
3429
6589
489
1291
3233
657
8319
4288
937
9053
3184
1750
8002
1720
1489
2486
9320
1813
8865
2247
9916
2426
5073
3220
8626
4008
7386
8425
421
2417
9954
5996
2541
706
3953
4671
8037
4532
7257
886
9468
6691
6417
3204
8528
8390
4758
4701
4345
3940
6960
2044
8790
5039
2721
3253
808
7122
4011
6071
523
2695
4595
5368
5527
6288
9464
3630
4729
6074
9423
2668
7209
8271
7458
6725
6770
5597
6173
4399
6555
6443
1557
9634
8588
1344
9307
1270
8542
8671
7383
1181
1042
992
8059
3842
9361
7307
6562
3679
7878
6297
1420
309
3283
5320
4389
9119
2656
640
980
8794
6100
7247
39
5653
9907
8085
476
1020
3323
5639
115
4125
5652
8854
1970
5802
1584
1696
1932
9629
533
6517
221
9103
4876
7405
2457
9838
1842
5330
8091
1173
3825
8753
7316
1341
4311
9496
3719
2469
2436
2699
4880
575
6893
4697
2970
7770
6208
8001
9001
890
8362
285
3291
5908
8885
7574
4959
3180
8005
551
2181
5941
9148
1079
206
7516
2323
6588
3488
9136
6148
7629
4161
3598
6765
6932
8410
3267
868
8267
6838
4623
3915
4725
41
7899
9034
594
9015
8659
8597
9476
8472
428
7088
6262
5777
9586
5948
1305
7935
955
2664
9108
8137
6380
4905
1007
2177
8856
6022
7009
545
8345
7084
9340
4641
7442
7306
7094
3506
3219
217
9732
9738
8838
258
65
562
8696
387
4739
3549
4867
1471
9754
8263
5691
2618
2454
6497
8204
7838
7735
8186
3759
3656
8919
2526
2031
6959
7297
4110
5676
8212
8797
1513
3663
8297
4066
245
4474
8296
1238
5270
4295
5644
9890
5098
3418
6299
9936
1593
2231
5192
1383
9260
835
2364
9410
5397
96
8403
4751
2892
2425
5833
7877
3873
2341
8080
2372
2062
3857
946
9386
6450
6056
6740
1146
5763
617
8894
1952
931
1639
1788
5075
8352
5156
4168
5267
3158
5037
1164
5246
7515
3335
7320
4545
3934
4757
1817
2441
2269
7929
9122
713
5709
6128
7682
4437
9709
7412
535
4501
4910
7569
4446
8955
242
4940
9712
79
991
2749
7410
6689
5420
3858
1953
7527
3237
1493
6699
5038
7680
1786
12
3620
6564
4984
7235
1918
8800
2227
1441
8811
879
3053
8689
5867
3301
2915
7134
1053
7869
3298
7076
9271
283
1574
5076
7033
8238
8376
9606
5865
1267
8615
8158
2834
8801
1023
5831
5954
8220
6055
5682
5411
2070
7050
7379
8479
9659
7456
9773
892
6801
8121
9164
8651
35
7429
4597
2187
5582
9220
8958
3882
571
6771
4203
1497
6652
9199
6378
2649
1299
3613
8806
5720
7364
6904
971
1682
8647
8379
4015
2976
1940
2172
8729
8755
5416
7643
3360
9996
2608
1854
2583
3203
8062
8229
3008
6605
7358
1547
7623
7795
8924
8596
5095
9026
1823
6565
4267
2103
183
8932
1119
1618
6545
5998
781
3770
6079
525
274
4878
9746
9998
4357
9707
1010
4274
3149
9186
1138
4931
9322
1203
4257
4997
4411
3272
5349
5425
2641
9509
1872
6836
5548
3966
8933
8273
9834
5994
9246
8320
8585
2061
6203
1303
9706
4024
224
1601
5164
9370
2106
9878
4353
9261
6494
3384
7842
6927
5143
3888
5573
4099
8908
882
7348
4816
5380
844
1443
5609
3592
1180
5793
1532
112
7018
7781
9010
577
8785
9252
4219
8714
5866
3182
2037
1598
7825
1286
7961
435
4337
2717
7686
6222
2568
7023
9700
3623
5467
9879
5537
5473
8239
2575
7353
5655
5093
5860
4398
2428
899
5116
9862
3350
1290
9098
9152
8361
7031
6269
923
3270
8710
1396
8282
5997
9940
1626
666
5811
5945
1515
9644
9050
800
5338
2750
8587
7710
3512
3955
7061
5444
25
6643
8534
7032
1086
6487
2135
6489
3296
2497
9727
3805
7305
3161
8322
5216
5350
239
1275
2887
5290
9210
1552
5470
5637
6732
6651
4555
5296
1309
7436
5688
7139
196
9428
2147
3183
59
1090
6918
7294
8418
2032
9376
663
7551
8783
9526
2365
9839
7510
6508
4789
7347
6428
7345
8573
1423
2684
312
3030
3449
5180
7334
1997
4563
8171
9555
4715
5043
5844
2175
3913
7814
7615
8090
939
1293
8281
8041
7448
6901
4021
6552
8994
5988
2188
2863
956
9848
8655
8021
541
4059
650
32
6407
7479
3746
7751
1917
3006
6057
2281
2744
77
5638
5686
407
6854
6723
1067
1831
2898
5970
2164
3071
7506
3508
1928
6081
909
1204
6759
9950
2183
1264
7525
9630
1861
3866
2549
6887
1406
5958
6087
8960
1659
7652
228
4609
3684
6869
5298
8728
6445
8667
6830
3602
5113
2868
1749
3545
9459
4763
9747
4224
2942
1159
7596
2890
7621
1434
1445
3576
6105
1210
1714
5234
9690
9559
5821
5769
3127
2921
4717
1544
3436
9335
5764
6863
227
9243
834
4687
2733
4749
5127
5588
2984
6236
8877
5453
6138
7006
7407
2290
7384
4965
5993
266
6381
6877
3281
3612
9450
2243
6548
6185
3580
8688
889
2770
3331
3945
4390
67
7570
8777
3794
5263
9300
2444
3310
3910
7377
9944
1695
8396
7835
6546
4810
4990
2996
2375
7784
1124
1703
5726
9215
9297
318
9600
6757
505
6384
4436
9568
4146
1760
2807
8026
9237
2683
7612
3662
1728
8461
6190
9191
4212
9549
4663
3252
624
7191
8380
5934
6333
5836
5961
7723
3181
681
9471
4523
308
5053
3687
5104
8335
5654
5456
9384
4236
5435
9265
7508
2578
1219
9960
1149
4778
1482
6405
5178
7681
246
8853
6630
5031
2066
2472
7859
3199
2047
3686
9887
3990
5050
6
838
4888
4487
3898
6251
7988
353
7898
9337
7026
9056
5506
7218
635
760
9877
4323
9475
5187
4344
5329
3916
5933
1317
1502
2138
1808
6592
7224
6495
135
2740
1436
8995
4424
2166
4156
3215
3670
2520
7419
8439
2786
5367
6459
5874
4367
2768
5605
8917
3682
3063
7304
1454
3414
444
1726
6024
7939
2572
3542
5725
3981
7145
6719
9575
3307
845
5422
3311
9772
8530
4665
8752
2983
1967
8768
4482
7293
8101
5898
2743
5846
4768
5134
2343
6034
5481
2638
2855
6690
6756
6559
9800
8733
4363
2410
2261
9258
5762
1537
9187
8266
2490
5378
3810
1954
3688
9612
4977
6209
8182
8556
418
7366
7589
6833
1352
965
8664
9691
2414
9602
8156
7133
7914
4098
3413
9919
7701
1792
9999
9042
1440
5319
6058
896
4360
6582
6624
6110
7111
9558
9401
5509
1447
8000
2445
2404
5728
4479
1673
5266
7630
6761
8176
9174
3074
5855
6606
6215
2617
3884
6873
708
4083
5768
8006
3694
8126
2279
3527
1570
5276
1142
2606
3963
3308
9413
6046
6152
5627
8725
4530
337
3732
6337
9488
2599
4802
9763
2842
6007
3114
7181
5617
9993
3909
1371
3788
8906
7975
4996
4308
5583
1635
774
6852
3523
4038
1361
8019
5103
1806
6736
9234
1973
325
7926
7038
3593
3799
765
460
8616
7487
3103
1490
1346
3461
4081
7903
306
2957
7960
5729
728
6696
8198
4695
9704
6345
5780
3782
6325
9212
5786
2464
3532
7536
9934
9906
8323
3047
3146
1644
3402
4275
1133
3537
2829
5702
4128
8268
5374
438
5557
2313
9497
2492
7370
13
1316
7354
9532
1153
6939
6636
6922
7119
4225
2852
1991
8603
8539
8259
350
846
6357
150
5308
8110
2218
2710
4578
4927
8981
5752
1772
6967
2015
1504
4579
653
519
7811
5068
1719
1093
3248
4170
167
6991
2866
9963
6369
8216
63
2565
710
4670
2361
6157
5710
5129
1004
1840
9153
6168
6163
1746
4249
5333
6844
634
4685
4494
7590
9070
7047
9580
4894
8511
5133
8417
3597
3624
5978
3102
8272
8677
3917
7932
1660
1325
1748
9935
9197
1324
7162
2795
1629
8571
9287
8807
1254
7434
8914
8605
2895
1099
2155
521
5748
2949
4048
7269
9517
9794
3886
3845
3816
4251
8816
8784
987
2754
180
9639
9679
6247
8040
2602
4435
1481
9583
9071
2603
4400
6849
7423
7341
3377
2858
3573
4279
2511
3887
4014
7017
3231
3188
5491
415
1196
410
3633
1699
9263
3269
3485
7720
8240
8349
6129
5062
6659
3927
134
3468
9357
2722
66
7463
804
8918
1603
9742
9897
8235
6362
9171
5568
373
8162
1395
961
6374
2528
7928
9424
7371
756
903
7759
5932
4718
9953
5109
7997
2003
3972
1061
5271
9696
5166
6890
3515
1470
8138
5900
7138
8862
7180
6198
2650
8131
7626
8244
6448
6788
5868
4738
1101
7241
8716
2501
1034
8405
6257
2154
4343
1868
5816
8732
339
4983
9539
479
589
2639
1661
2178
2057
1582
7766
3836
3261
711
8394
8709
3
6478
5632
3859
6260
5938
3911
4419
1095
1494
416
2083
342
4587
2601
8879
349
9737
1118
6510
532
6277
5056
5985
7553
1121
7116
4371
9364
9876
2305
2778
2252
6316
539
6178
6280
6402
5822
6351
8835
9205
4622
3326
507
1756
1753
3844
1655
6452
8578
3434
6039
3906
2847
6992
1320
2806
8247
6750
6961
6882
6182
5259
8094
5288
5482
7885
839
5310
6825
6894
5061
2861
4577
916
2402
484
3617
6045
9523
4956
336
7631
908
7176
5990
4037
2319
5415
2096
3049
5275
2153
496
6609
9339
7572
1319
2456
9970
9980
7755
2226
340
5633
3079
3880
7199
5801
6682
8653
2500
6720
2628
6522
7837
8614
9274
8164
2476
9184
4863
5458
3776
8815
3926
5960
8938
9255
968
989
1585
6118
3214
3097
3173
7278
8189
8262
9041
2840
6998
5818
6414
9803
4242
5448
8078
9889
3830
2727
9529
8999
6207
3453
4548
6681
1965
3189
7709
3450
86
7864
3562
6359
797
7495
7764
746
5067
8181
7796
5953
8020
3396
7172
4053
6475
5107
6615
6102
3874
8635
6943
5619
9562
3494
2869
8661
4572
1616
927
5486
6305
3730
2432
3807
6875
4857
3571
4113
2904
3750
8890
1555
8228
2028
4361
5185
3636
8024
3135
9095
6349
293
7900
8210
9860
8560
3098
8230
3902
4177
5631
7260
8350
2248
8675
1195
199
313
3156
4489
3903
1391
4808
7747
7632
5680
8276
4870
9525
9247
6785
1623
6285
6874
1692
1822
1995
3891
9905
7164
2685
5426
9298
2670
7845
8920
4900
2111
1385
6137
7451
3010
5848
6799
6471
7908
6330
8834
8903
5221
7360
6252
9564
9086
7550
8480
1830
8846
1405
2547
7202
1522
3427
673
9688
7603
4743
4764
9074
6435
1688
260
862
9866
8
5552
5535
9680
188
4370
661
2270
4767
1013
3222
2462
4441
1417
5220
8749
1631
2260
1996
3582
1240
6358
2019
6232
3014
9400
8904
8543
9382
6767
2284
447
967
3369
7211
5441
4201
4949
3319
5888
8431
2550
9929
9373
2194
3254
4559
2633
8317
8611
3313
6192
1620
4879
2257
5261
3404
2479
4798
2438
547
7330
1115
5561
5356
581
1373
3925
8889
9309
9603
4471
7834
9477
5604
9597
3316
8421
9626
3020
6004
5343
8512
6642
8232
4100
7968
162
3266
6472
2960
5099
4033
4290
7897
2742
1284
9504
1921
3561
8039
9047
851
5226
9711
211
3065
8867
3777
4388
1444
6088
3745
5487
5277
4682
5899
6585
6935
2468
2059
5323
4387
4200
4385
8286
3193
333
3727
9142
6908
6782
2870
1329
6367
1697
9452
8861
715
4902
4164
1359
9649
9405
3403
9125
1882
2939
8427
5758
1901
8161
3525
6005
2747
9279
2411
4210
5455
6694
148
7314
3544
3007
8956
2973
5224
6375
2238
2400
3791
5403
3481
4540
8307
9396
2168
9797
3367
1920
6238
6629
5495
1150
6949
7214
5716
8468
8907
2882
9176
8540
5776
2739
614
1535
6444
7227
2117
9500
1972
6813
9102
4109
6820
5465
7879
5502
9288
6847
44
6917
6014
3442
1577
2277
8214
8798
4063
4395
887
2527
4649
5218
4410
1347
7492
5862
6006
8600
4601
7902
3105
3824
2706
8601
3574
4396
5819
4803
9227
2036
2677
3406
7526
3645
4989
2072
5417
8142
569
1689
4550
1351
6321
4712
5674
7713
2610
596
9762
3408
4535
6638
5910
1567
1480
9791
3815
9574
513
1768
9166
4966
8178
2800
9161
2657
2532
4351
1217
5500
9760
1132
5829
6272
2507
976
2674
1947
7001
7259
6591
3968
5479
2972
9024
7236
6506
5800
3749
6855
8120
4369
5015
6480
338
9058
2567
9146
7317
1988
3245
1630
1641
6013
7450
1763
8792
2543
335
1627
9765
8491
4445
2812
2991
6441
796
6008
1021
4018
6534
3280
1888
4
8071
8549
4858
2048
4184
9313
753
5995
3696
8194
612
4254
2027
8057
1194
6347
3833
5566
1723
6069
272
6940
8498
7186
4916
8514
8339
107
5808
9474
3600
5413
4833
3700
3490
8544
1614
7674
3017
5928
7148
9054
1667
7815
4899
4309
3309
3009
787
4188
4310
118
5147
8731
2789
827
6214
2373
2266
6712
8200
3004
664
2144
5445
1265
4660
6377
3100
9291
7254
9728
1857
139
8172
4175
8643
9454
6707
7600
1326
5055
5683
5849
147
4826
89
8693
2013
482
2125
9741
5136
2165
6183
7445
5608
7036
7893
8552
6842
4709
8758
514
9789
4855
2435
8925
3738
4893
1189
5083
5030
3531
7567
7826
9486
3665
567
9276
3625
1234
6112
5735
9332
298
4908
2871
8097
7433
752
866
4320
1479
6753
1538
2418
2720
6703
3678
5122
6676
3382
1646
1256
7522
4762
9160
7782
1913
8997
9351
7287
243
9100
6388
2788
964
3479
6527
3868
5570
2075
2148
9560
5181
9771
3278
9175
8154
2421
7916
4825
7634
8415
821
983
1178
465
6966
8249
8555
7847
2040
3000
4874
255
5305
1184
1414
6114
4131
9101
3939
3274
7439
4574
8523
4636
305
3800
5
5693
8793
6845
6453
256
2989
8356
8558
7321
8595
8456
7201
1248
751
7359
4581
9029
7662
3144
380
6997
3399
1464
962
1002
849
3084
7866
1066
92
2556
1157
3495
5211
8969
2714
5885
1663
3818
6160
1472
2225
264
7945
8592
6492
8996
7449
3305
427
5207
4755
7562
3931
4678
8445
4413
2120
8104
4607
3543
7008
5975
9572
1975
4135
7786
7753
4020
5857
9333
2005
2716
3277
5983
9995
9052
8837
5861
6702
6397
7311
5117
2932
7193
3141
8469
1125
1360
5454
5799
7393
9655
2536
8134
1082
2675
7861
3048
4969
9239
6015
9286
8250
699
7071
3333
5335
7498
9718
2891
7783
6253
3566
7848
6828
1435
1302
2594
3638
641
222
152
7754
6739
5140
8454
2093
6133
1580
8241
7844
9277
3510
1496
2369
292
1332
6616
7374
779
1163
1706
7080
7970
9931
1974
5672
3787
1274
6708
8795
7325
6599
4463
2809
1433
8032
1057
9881
3863
5421
684
4619
3438
4935
434
5538
1296
7052
4926
7984
8533
2035
669
7237
3443
8508
9678
9951
2430
5195
4953
1607
5499
7595
2114
7310
5390
8526
4787
7054
6868
5646
8883
3575
483
518
7337
688
869
5371
7841
8778
6985
3136
5643
6684
1137
8895
9849
2643
1294
9726
4866
6680
6933
6906
775
3022
5650
554
8398
7365
3511
2004
5151
76
2876
4228
6095
8116
6657
1466
526
5973
6832
5649
7381
4374
1413
28
7605
7140
2219
1912
1731
4167
9344
6575
5787
7806
6607
7976
2370
7198
7798
2925
8939
9380
5087
314
6106
5736
802
2090
1174
5364
9506
8440
2559
2873
2506
8963
8986
1833
9521
8737
8971
9663
3405
5713
8851
3764
5623
390
376
4324
8957
4748
5314
4108
5387
8522
5911
5118
5388
7867
8847
3936
8832
1175
8891
3560
4139
3986
2864
1969
2224
5718
7983
8500
9217
229
9871
2389
7216
2577
5976
2388
6790
957
9734
647
3933
5121
1722
3043
8676
1429
6180
315
9446
1244
4804
2427
995
6294
1408
6126
7579
1403
4836
8149
9179
1474
5307
3312
9209
9055
730
2956
8622
5085
9856
2403
2195
8669
4294
5427
9864
9236
4631
9671
7368
265
675
4206
2470
7473
4333
8342
7728
2107
2264
3496
848
7462
4120
8796
6650
2545
850
9453
7318
2089
3961
8422
6084
7924
5744
9685
5920
5032
8687
8084
6243
8231
9301
2394
7628
1165
829
4558
7117
499
6812
3031
6149
6258
578
972
4114
6655
4459
4642
5472
2299
9882
3420
2396
9369
9377
9850
8570
5452
5782
8166
7513
1107
1113
6107
729
6175
3120
1171
7912
287
9911
4319
8455
304
8012
7860
769
4673
4204
5951
8015
2455
4209
5781
5659
4699
8106
5591
6610
8612
1376
501
5219
2121
7118
5679
3954
1098
8381
9829
3941
6040
934
8378
3015
2734
1790
550
7083
2495
5313
9973
8980
6140
695
4557
2673
3827
6019
6685
104
3118
8782
9192
761
9019
1812
1564
9365
8206
8441
7491
4794
5775
7404
2540
8152
7395
623
1155
8841
5511
3451
7820
7378
6446
2782
33
1747
8964
3834
2512
1527
8864
7610
8940
1765
4680
676
9623
7282
4307
4848
2846
4654
9254
2320
6027
4331
628
9799
3483
632
5191
6826
7503
1495
825
4835
6217
1015
1402
9112
4472
678
7425
1017
253
5231
4919
3608
1458
7431
1331
3744
6621
9316
8930
6937
8645
8237
4373
5018
9083
194
9625
1088
1046
4759
7578
911
3179
218
6372
6509
1037
356
826
7283
5715
3556
1653
5579
4220
361
82
4440
6196
4511
4434
9909
4355
4909
3140
6373
7246
9949
1123
5589
8452
4859
4379
1889
3924
6434
4973
4145
4488
2304
3728
975
4486
8902
2780
2340
4770
4549
6289
5033
6718
2851
6794
6290
4339
2534
9321
9080
2386
9144
1777
9002
9781
1328
8683
4730
5795
5967
4896
4937
1943
2705
7651
517
2442
9548
6569
8927
7855
6411
5130
2384
445
7581
6596
3068
8050
6230
4005
2837
1668
5141
1216
5365
6462
3125
7486
9018
3977
1094
1805
8984
8375
5517
4503
9129
9982
8630
7597
1381
9057
1301
7300
7586
5400
9397
9417
3695
3969
6406
2069
3121
4529
1158
478
1568
1100
2429
1828
3422
8936
5189
1730
6130
9638
5408
6174
6371
5956
4366
4384
9343
2207
1169
7956
940
6896
5188
4772
8564
5000
9228
3304
7887
9167
5528
5743
2263
5240
3729
2399
3295
3458
420
3725
2911
3446
1477
7830
3946
5792
8428
2646
8075
3456
3540
2288
5731
6928
4485
9830
9480
9039
2981
5477
1321
9421
4068
4341
1964
2137
93
3907
4728
4719
9767
1512
7678
201
7868
1056
352
703
3435
7852
4421
4775
7163
5020
1725
6786
8852
4645
6293
6117
9514
7397
8747
2759
1177
3632
9140
7730
6518
7352
2100
3361
4460
3626
9385
5150
367
3572
1624
3539
6059
8977
1860
4019
1556
2897
6567
9374
5892
1941
7773
5662
9110
4528
1029
831
9381
7355
121
861
4567
61
6658
6866
8304
14
573
9818
8458
1446
85
5842
7056
692
9617
8270
2787
6464
3306
8738
5292
5603
6159
5742
6525
1909
354
8363
4853
1365
6199
8199
4040
4970
9769
1923
7617
5471
3200
184
5565
1666
5869
1108
4915
6418
9223
8103
5711
2110
1231
5315
9895
2944
8568
8858
475
9438
5957
4408
7480
8306
5409
9429
7302
4285
7946
942
3107
6310
4306
2133
4265
1971
5572
9686
4644
2632
9442
1043
2906
5210
5504
3197
7949
5584
6348
8201
7000
7263
8702
9855
6850
6031
9064
6700
5137
2126
8035
9202
9870
7883
2356
1729
7291
5241
9312
8313
820
1074
9703
6994
4268
22
8051
9983
7007
4077
6507
6481
1246
8402
3170
5044
2477
2006
1841
2546
9013
7843
2609
2917
3357
1172
7219
417
5299
4571
9900
8650
8536
4477
3893
2186
4259
3289
3332
7520
7441
757
8055
530
6455
3947
2530
4328
8049
8099
8170
3861
3674
7638
1770
53
4462
966
3012
4791
4491
9841
3016
3011
3646
165
2109
9810
504
8354
2298
8818
1469
6044
8496
6248
3585
2696
9235
1966
9955
8774
8190
672
149
3590
8227
8976
6722
5595
4237
4509
171
6320
3653
6394
3484
1801
814
1167
9942
6169
1208
6458
250
6256
9089
6835
7719
7333
9168
6499
4873
3581
1468
7999
3472
5138
6810
3672
4475
9914
7831
73
2802
1459
9722
836
963
311
2074
6769
6693
3614
4661
2596
2686
6531
400
2136
6427
2453
2325
2439
3482
5065
7356
2113
7870
7195
809
3715
3162
4777
3565
3808
4195
6539
9699
1526
8061
3352
556
4700
1516
9682
241
4002
4536
3735
4938
3883
7703
6120
1773
6953
5175
3196
2761
163
9348
754
5999
9584
9278
6614
9790
2597
1542
58
1979
7230
6734
4648
5440
472
3359
7414
7504
3685
3846
3804
9267
6054
8409
6270
3526
4089
1263
7035
5026
9238
5036
3337
2660
5152
9157
5293
905
6197
2407
1716
38
8389
8734
7810
812
3938
935
8708
5673
4391
7778
384
7711
4499
1881
7478
3023
6705
3209
3599
7684
1295
4457
2566
3811
6695
4422
6730
4556
46
1867
9543
379
6062
3213
9463
4929
71
1081
3828
9275
8284
9776
6131
5700
843
1487
5629
3131
1702
8952
5410
3978
7208
9495
5483
1127
6302
7363
4884
9036
4518
2927
3943
9779
2621
7063
3704
1826
1461
3812
2482
225
1252
3263
259
9473
8591
495
6556
5258
1450
2128
4159
4022
4805
3286
874
4241
6570
6971
8388
8209
1062
1228
6608
9044
8887
3974
2971
4978
4658
3995
6593
2999
9150
857
4071
9162
1637
6633
7633
4490
4336
1698
7576
7331
5297
3340
4289
2324
8859
8340
3736
6942
6404
4906
7142
503
4481
3285
636
8133
9534
4003
1168
7736
8663
4500
4961
1982
1392
7016
8203
2294
5962
1207
6891
9984
4675
7344
8673
6853
223
9491
8724
4036
6343
8900
5376
6237
7043
8478
7734
2645
9530
7664
187
7413
6903
3569
40
5322
120
9006
4760
366
2781
7210
2557
7184
9961
9981
4055
9947
2315
7073
4216
5139
2493
3851
1336
1393
1600
3303
2928
3130
7256
8886
2865
4637
1135
9715
516
4245
6859
5354
6677
4588
5599
9550
1280
2845
3952
870
1533
7856
6952
7502
1589
4851
9927
7987
8574
7185
5760
9451
5882
6837
5135
954
3192
1902
5358
731
2280
4119
1110
6581
5176
7738
8475
5094
2831
4672
8348
6331
5668
7667
7114
9540
6601
7123
5651
8285
5964
7141
3069
1619
1845
8305
5316
6139
5927
5965
6412
8575
5264
4865
8711
4262
2930
1707
5601
1606
117
7973
4253
5256
9582
4824
2086
6667
5942
4993
4668
3551
9443
9043
249
6649
8772
3648
2766
7934
9731
2094
116
2961
1769
5714
2333
9579
7532
29
2678
3701
9804
7672
3557
3250
8338
4153
9106
5656
9640
7245
3299
2979
7963
6653
2763
4418
6429
10000
2289
7777
5193
9132
1030
2420
1999
2063
2835
7226
8579
3604
2024
880
1289
8294
1143
2335
1877
8873
2496
907
3987
6613
3092
3185
9654
1797
9411
9886
6350
4861
8392
8387
602
4025
9926
4553
993
801
1994
9269
9449
6731
6265
383
9646
6242
638
5200
5774
7200
8337
738
5877
3445
8791
2360
8007
6924
793
1475
7707
524
1183
6360
7663
2082
7985
764
481
5092
7060
4964
2254
5017
4930
8316
1946
5204
9398
4862
5578
7324
1835
1011
8082
6914
326
9918
8982
2758
9928
1343
2359
5324
1764
1521
6086
9493
2050
2025
8935
1418
4386
4988
9128
6597
4928
1448
867
8038
511
3702
1670
6683
1222
9852
3591
4508
8453
2585
8823
5466
5249
1068
202
8602
8248
921
6829
9880
4375
5071
6502
4443
9759
7108
3870
7415
8589
9847
4801
7250
6501
5236
6795
8033
7082
7564
3871
2551
2860
5678
6376
7957
7840
9535
9251
6672
759
6892
8786
4067
5667
4831
6121
5751
9470
1911
665
7812
8844
694
487
8773
6229
1126
1242
2948
1083
8531
8517
2615
9835
164
7930
1963
6332
5131
2321
3055
7535
9758
4282
6423
2209
4122
2158
1039
345
3342
144
4069
9305
6717
7965
4202
4001
4118
6537
7966
3052
3594
363
920
2368
328
1674
9155
1510
7549
791
8641
2249
4629
7444
9341
9229
3984
1546
3516
891
1300
7677
1390
5746
7081
6954
5462
3854
5903
3160
8290
3155
3756
8946
6488
429
4302
9647
2484
3117
4349
6482
4061
8140
8922
5149
9991
8108
2709
6640
7228
2256
6308
7255
1220
7416
9992
6271
9777
9331
4639
3492
763
4551
2569
2328
1467
3041
9522
9121
2292
1880
122
900
1740
5880
3920
4330
5029
6503
3212
8931
235
6802
1738
6033
8607
5918
7832
2046
7993
1476
4522
9272
8870
5913
2033
9165
7637
7577
7051
8332
2701
6755
5155
2993
5227
7519
8251
1784
7332
7430
8990
7588
4689
3731
5840
2519
1485
7741
645
15
510
5906
2666
1085
4569
2839
5382
4035
6532
7178
3718
2822
7279
4650
9668
3754
4305
1040
2553
7593
8518
4923
5830
2671
508
4076
5171
1933
9172
5339
3814
4656
6064
502
7089
8620
8945
1715
7109
2108
6309
9528
6822
4442
5733
9241
5914
9256
8124
6275
4187
1595
2614
3853
6668
1780
4911
2397
3817
4887
5201
1662
8433
7240
5745
7529
9318
4116
6336
1586
4604
6919
1128
7906
5442
4281
3279
6746
583
2844
8195
3166
8081
4426
3692
1271
542
3813
7892
2796
7315
7152
142
1634
9910
1509
8899
9546
7062
9611
996
4352
1071
1636
922
8299
9632
9081
3339
3439
1870
7647
2693
553
6796
7253
3145
4093
1200
7875
3522
2242
5497
2301
910
4627
1734
8757
2102
3967
6012
8821
2268
8954
2667
8400
3410
4702
3452
8625
5590
1649
8953
9420
316
7673
2825
860
9079
6563
1069
4047
9662
6879
4240
6980
7568
3529
3567
5025
724
591
9733
9989
1041
4912
1488
2179
8831
6276
5721
1587
649
8105
3761
7917
2065
5493
2711
7280
3588
2217
5058
3528
3282
8722
9325
4707
5544
3441
8951
5054
919
1811
1
392
7534
778
6645
8695
7546
4130
895
6479
6322
4073
6096
4844
5606
4632
1884
7106
6476
8628
1492
611
1739
7326
8839
1643
4117
6827
4101
5677
8878
1430
7514
1656
8569
3019
5555
7002
2672
4247
8373
2253
1075
8034
7671
2580
2129
1908
9349
5419
5196
7464
2283
3325
4679
1250
7091
6618
8983
2625
7471
2589
6851
4580
6449
297
4837
5342
8243
2886
9714
1955
3428
6420
1176
806
7262
4742
8295
1404
6220
161
8765
5389
1549
912
7791
7120
8481
9994
5478
6989
7157
1473
9076
8382
6594
7104
1318
1394
2910
6716
7147
9169
1187
2962
7540
8975
1736
9561
8660
1089
9141
138
8577
3389
9816
2694
7931
8119
9356
5223
742
7779
34
6948
7151
5110
4512
9092
9478
3503
48
146
3705
4653
8010
5925
5723
7904
7941
1605
3504
5564
449
1654
1035
4533
1866
1572
4814
9796
7268
2387
4714
7469
5450
3775
9362
1802
4769
6052
3901
717
655
6602
3517
6419
7024
1205
2095
3411
2381
9752
5449
512
8598
5346
2000
8385
3548
6066
4817
2160
2358
4405
3174
5508
7695
7261
2997
2994
6020
9672
5289
398
9115
936
9958
4920
3840
1800
6485
5021
5952
8948
3501
8095
9846
2732
7986
1820
4864
6312
9395
668
7077
281
4179
8987
9427
3416
8309
4560
7489
8833
4939
4756
6778
1363
7980
8684
9553
5805
2533
8892
6669
1281
625
4747
5045
885
1064
4745
3664
5884
254
477
7721
893
9805
1498
2228
2116
9088
5891
2730
7645
9774
3651
6284
1428
362
9874
9957
563
7058
4690
3058
5839
6032
3099
6363
4822
6714
7170
4596
1958
6976
7655
5577
6811
9943
5254
215
9290
705
4868
7729
3334
5461
4058
5281
8036
1152
5300
9795
371
1306
5991
106
3480
4945
2276
5587
156
5804
8576
6670
9368
7406
7340
9004
173
1814
469
3644
5630
1839
6979
3865
9836
7020
4766
7609
8301
6872
7558
5205
7373
6389
56
1752
4455
5596
740
8303
8582
5642
5541
1025
7675
4208
4148
2064
6219
70
2775
4046
4933
11
5722
4517
6706
8820
3470
8943
3260
7059
2804
8191
4603
9416
446
6733
7460
5301
6324
2348
9114
626
6536
6090
1948
3086
3628
5817
1724
3904
950
84
3895
1190
1397
6528
8298
9664
9033
9302
9418
6097
1377
3973
9295
3336
4657
2202
6035
7323
5779
6956
8554
9415
734
4854
98
9314
7828
2881
601
1898
7477
5598
9016
951
9985
1949
570
2
7042
5525
4720
4840
2607
1604
8219
8825
6311
918
572
4075
2611
6789
772
6415
615
37
3908
3109
1052
8822
8610
8562
4016
9163
558
5554
5703
9729
8118
855
7452
5160
5238
4895
4050
2060
4272
2697
2612
7231
2171
9616
4449
6547
4007
7028
3154
5797
4451
2729
6098
7799
671
4213
7187
9903
5366
4354
6065
5438
9922
5814
8836
1349
2130
9977
1427
2274
4023
5019
5658
9436
3862
6978
7040
105
2173
6254
6246
452
226
7030
4693
1141
7276
6926
5571
3493
6623
3366
4428
6946
7559
819
2518
9207
5008
425
3444
8824
9154
3680
1711
3168
5772
4180
389
6026
7922
5428
9432
6442
8355
8265
7096
7154
1201
7135
9819
9138
4732
4561
4365
947
4299
1045
9270
7481
1818
8476
170
2510
2737
4088
4327
5531
6093
4425
2367
702
2431
6278
172
8928
5875
607
4640
722
6656
2798
6996
8538
8098
1563
8457
805
498
2767
555
5405
369
7192
3711
9259
8334
1116
52
9447
6951
8017
7437
997
5904
3530
5013
6957
9628
7584
2771
3586
7029
841
1070
7408
9845
2692
8761
1060
5123
3848
6469
9017
9149
9988
2959
1517
364
8525
459
1348
1810
1774
3297
6804
321
5162
7144
7761
8072
1565
1638
5784
6526
8372
8069
3039
741
9435
3133
2246
8004
5377
4112
6511
6622
2201
682
9394
8911
3152
4677
2352
8093
7196
5202
3890
3647
2756
5753
1528
1431
1782
8025
2422
8483
7557
9962
7488
5850
1032
9283
7292
2167
2382
4493
4329
9784
2521
4012
3397
3241
1754
1525
610
1874
8520
7273
4207
3765
9
3552
1162
9003
1824
5543
5395
5730
9201
8122
6037
6393
3783
6738
2363
9670
8668
7627
8766
2140
2038
7805
8819
2779
6440
8843
1554
2909
7907
214
5294
9821
2371
4284
3091
3247
7394
500
8876
1591
9133
5475
1432
9724
6103
789
6189
8590
9979
5046
4771
10
4189
4952
9710
9601
4468
2582
6038
9786
2307
1235
9702
3500
8436
2446
6834
7785
6709
8516
4064
1937
8494
3287
767
9466
1312
6403
4103
4052
9008
4913
3440
1016
6934
3698
2101
8949
6115
6848
4621
4510
4592
4141
4710
8208
9492
230
7266
4692
3257
6612
3246
5279
2648
2883
6900
7554
2503
6824
343
9610
8715
2458
2954
6856
4456
5670
2216
7290
9472
8524
8868
8580
4134
7533
4740
470
1519
1610
2303
2450
5963
6085
7494
4270
7614
881
7497
2753
9025
1356
9304
3153
128
4797
1273
4039
7019
9118
5337
9048
4244
413
6408
8011
8827
4447
7744
4334
6760
9035
3328
488
1367
7234
3491
8028
8740
2020
8197
1426
8501
9063
2448
9677
1379
4951
7807
9921
8160
8686
8463
8979
3462
5845
1766
3629
5402
4045
1259
2189
2885
8426
8746
1832
8633
8513
1571
4078
8489
4121
6514
2159
124
4611
6543
7372
8691
7197
7530
5392
7743
2346
960
2011
186
780
7438
1375
5229
7496
1140
5332
744
7045
7150
388
7432
2122
1561
2146
2080
5359
747
6021
9966
282
8642
8023
1310
5433
4261
9225
2830
5381
9721
169
7069
683
9547
9913
2888
8145
3129
3021
1978
2251
2880
6344
9892
4096
3329
2751
8321
9787
2819
1520
8044
9399
1597
6167
1803
6941
8705
630
7923
7857
1671
9273
3431
9219
7270
2929
6177
5317
276
3983
9591
3294
4297
5255
9642
8726
9127
3433
9743
658
6361
6326
6287
5245
4674
726
4655
3699
2558
3778
8905
4407
904
2193
1742
3832
3238
8236
133
2958
1129
4483
8567
3766
5863
2071
9650
2143
3265
1387
4936
6878
8003
2055
6561
3708
1465
7978
9482
5626
2875
5464
5291
3558
3792
4582
8966
1505
2156
2291
197
3111
2516
3603
5190
9363
1596
3671
1460
8541
6072
4688
3914
1613
2379
9858
6075
6356
6876
4095
3273
6204
9587
3755
6807
3774
5832
9280
8703
3487
9045
7639
3383
299
621
9403
1151
1304
5698
4137
4843
125
1382
4072
2571
6780
4776
5980
2765
3923
1257
1233
9965
830
7361
6264
4750
6438
1745
88
5594
6436
9214
2857
9719
1198
9379
8165
515
2537
9964
5803
7936
6368
3723
4031
4957
6018
1539
3980
732
7531
143
725
2539
9812
9518
3138
1633
9723
3607
6228
4662
6003
6809
1076
9185
1609
4968
4163
4527
153
3271
8988
2197
5222
6912
9594
2574
3186
7367
6775
1900
5089
3459
9946
1453
2833
8909
1951
5439
3717
4737
8527
9461
9336
9203
6001
6889
1905
9527
3137
5660
6805
3177
9177
5536
3742
8053
4234
203
4296
9896
9660
5701
9460
3962
31
6470
270
2034
8978
4172
5773
4591
4834
5574
7640
307
6426
2916
5858
2338
2334
3751
587
357
2792
5048
6213
6379
648
9867
3795
9614
3721
8644
3609
423
7846
576
536
6346
6899
3108
2104
9901
1945
2936
5828
9097
7130
8365
2408
6584
1976
8288
6549
4199
1026
642
2707
3178
561
840
6239
26
8584
7724
2353
1001
9648
735
8233
4513
9806
5079
8114
1981
5022
9657
4809
6577
698
959
3029
6099
9065
4727
2463
1896
2859
5361
7792
6306
5534
3085
4102
8358
1261
1364
2475
9589
8136
9869
5034
9248
9028
5926
9884
3163
9501
5459
8419
391
9793
6147
4106
9831
110
1575
9250
6572
7938
2405
480
4283
750
6931
5634
5096
2489
1727
9885
1562
1049
9854
3358
5600
8047
5214
5514
2738
2056
8506
4030
6205
2409
3390
8495
4332
1545
2652
4525
8343
8117
5169
2579
2316
3255
7665
1410
1096
7070
969
1776
5144
2434
2776
4907
7788
9974
5278
2302
4450
6687
876
2259
2626
6762
7971
9240
7541
8211
1916
4406
3276
4615
6216
3262
4227
7110
564
1120
4944
1282
4266
1936
2452
2169
2757
2255
5761
7189
8992
9740
5132
3584
1247
7296
2509
595
432
5512
3733
3372
1737
8393
2001
3639
129
1795
8848
8287
9342
4852
5878
8509
6259
5091
374
5738
5407
248
1350
7611
9637
627
1611
8443
986
6383
667
5550
3693
9387
2588
6341
7733
6515
2240
468
662
2377
4412
8545
2318
2728
3216
8634
4377
8366
9022
3655
8608
6661
6061
51
7911
9938
2250
2433
8985
8205
1938
7046
3090
5989
837
7823
1615
9393
1197
2731
1675
9843
4340
2241
3206
3467
4761
586
6806
7272
3935
5917
1374
7642
794
2805
9537
6049
6742
8502
5529
7403
1456
6094
7166
3772
5518
8547
2081
5239
7121
8646
8067
1713
1961
8430
1836
9768
6938
5436
7183
1700
5890
8169
4950
8652
906
1678
7666
5165
873
7636
5558
1984
3748
1511
1944
8763
9770
4554
3024
2774
3288
3550
925
2690
3881
9195
7223
2271
3486
424
9570
7428
8604
716
9667
9440
3415
8974
9569
2312
1632
5424
7078
5767
7342
5616
1708
795
604
4716
7390
9360
5838
6076
9891
9683
5070
2424
6574
9499
8123
4231
7762
2934
4111
7453
4903
2357
9483
9775
3379
2803
8129
8699
5657
132
279
8424
7309
5051
1809
3841
3498
2719
1335
3364
9986
50
7552
7528
7411
6823
9383
2563
1576
3779
181
622
5551
7851
1055
5618
8302
9635
1910
3896
7910
2350
9173
7160
1573
3171
2443
2076
1956
8814
5515
5198
9807
9266
1058
2821
7271
5383
6078
4235
5526
7025
2823
9109
7351
6041
714
7850
7824
5069
3740
1588
689
6000
8770
4706
6763
4946
3207
5146
871
9294
4652
5284
1097
4882
9221
815
8311
598
3054
3027
5391
5575
7625
4514
2030
6144
280
9828
158
2587
6907
4547
723
7575
9104
69
6679
1036
1499
7027
3167
6154
981
1145
1260
4218
2205
7012
1985
4347
4246
1891
5370
4229
2339
4795
1315
2366
182
4947
701
7339
736
7725
2581
9510
3380
609
4746
9458
1925
2947
1276
3076
5516
1657
5385
1775
5311
5286
7690
5111
5785
807
3388
4160
1199
8155
3112
6123
3706
7604
2461
5120
4017
8083
8401
4107
9542
4827
7775
216
1851
4372
8497
9196
1767
5265
8413
151
7545
9673
3211
7953
3789
3949
1389
331
5694
9487
6184
9067
3351
7113
7886
3564
4062
4599
288
8157
8779
9232
6092
4041
6370
3668
8700
9012
5770
359
4269
4925
1073
9842
1864
443
8406
2725
9178
7566
2616
8324
6011
3555
6141
4860
7888
1407
8730
4723
6241
9945
943
6043
2636
2640
1628
6122
4524
2415
3341
7669
1718
5485
977
7765
1566
1258
9536
9519
1104
7943
1825
7693
7994
9613
670
9937
4839
9222
6840
1285
6395
9402
7544
1327
2391
8150
6142
1006
1307
9462
8487
3999
5206
9419
137
8369
9698
1883
1759
2522
6493
5636
9087
5203
6108
2115
4074
3507
5812
824
8289
6671
9609
674
8532
5755
4453
5783
6319
7004
4166
4516
6975
3673
5430
933
9853
4726
3768
8347
2849
2419
2535
2945
8168
6016
466
5004
9134
341
7933
4696
174
686
7275
234
9281
5946
6673
4520
6292
4326
8384
4958
6104
7041
3533
1980
4753
7979
6662
2412
1105
2498
2009
6792
5125
3123
1028
6224
2937
9285
5621
395
2336
3322
244
970
3018
9788
2538
7543
8467
6751
3060
5247
8448
3703
785
2342
8074
1612
1483
5697
4293
7107
7447
5474
7894
9908
9000
3089
6885
1038
4974
7598
1170
4232
5287
3362
6268
1245
878
5520
7787
8713
4151
8364
4634
7858
9014
5097
7951
4846
1680
5547
9249
8756
6647
8043
4606
4439
6430
3856
5463
3227
9554
5871
700
1926
8048
4975
1508
1077
5778
80
6211
2272
9296
5724
5451
6560
3051
8563
7298
4032
7749
7955
5325
8666
1357
7683
2182
1091
177
9244
7499
4271
2900
1897
7301
7085
2700
8215
6551
209
3801
5692
1608
4152
3649
2332
490
1855
6886
863
3642
232
3595
4394
6366
9059
1213
2465
8748
5005
5815
7470
2049
4704
4250
437
5488
4169
6553
141
3563
4898
7992
7057
1862
5987
4620
6880
1506
8929
3259
9485
854
7362
5344
7099
5154
3780
8961
2232
3293
3691
1243
520
3187
3743
1787
8135
3264
4174
5177
6070
5262
4429
3514
1709
5790
5971
2702
2998
9170
3876
8621
7173
9208
2688
9457
2014
9969
2562
3476
8613
1705
7698
6747
5167
9060
5835
856
2145
7446
2529
5268
5873
5749
9182
2748
6929
7265
5003
3992
9563
1672
9213
7039
5791
5163
3960
3769
8962
6787
739
5974
9665
3042
9624
4744
8727
5052
360
6068
5194
2746
7962
566
7818
2554
4258
36
1225
828
30
4667
1893
4054
1960
2784
2723
9262
9652
9437
5002
3568
3375
8391
1690
1939
3737
3368
4312
4157
2077
6124
5937
8066
6223
4197
6641
6234
4962
1185
4886
6170
294
7213
7580
4190
6036
2523
1000
4286
2390
5559
347
8070
7285
6583
8760
7745
7731
8510
5304
6263
8898
9713
9084
4376
6965
6773
220
3753
6666
3430
6688
9303
7518
3148
8063
3786
6945
2392
433
2676
680
2584
8447
9948
5114
9479
6201
4994
4087
9069
3918
3223
3473
720
9990
4633
6772
3835
7774
5661
3195
9293
3652
3096
4612
3781
6920
6962
60
7303
8092
3126
2901
5348
7608
3837
9091
6758
3676
2345
4616
5936
888
4368
2447
9094
7872
5794
1415
330
5006
894
5727
4221
1484
3803
3194
5837
3081
6409
9051
9233
236
2850
334
2926
7706
2262
3110
1400
9414
1355
74
5086
4630
4401
537
4256
7248
7098
4892
5217
605
2980
2794
6422
9972
2176
9513
3013
3928
237
8218
2963
8451
6923
5009
2931
5252
8260
8064
8850
9507
1182
3317
8159
8762
8207
2211
9434
2613
210
5648
2317
5563
745
4534
6400
7656
4713
4217
5153
9567
2940
4575
6817
6143
207
9372
1008
7400
9117
8188
3855
5969
6972
7964
9181
3894
2285
1232
984
4960
7003
4303
6176
2634
2902
5826
4086
5894
5060
7582
7704
8629
4470
6881
9658
4480
3922
5719
7768
6604
3930
6648
1236
9573
4515
8275
929
3838
1136
2824
7849
5852
7717
5501
7959
1144
9455
9861
6862
914
3061
3025
9857
8153
928
4382
4820
6327
1553
3465
3066
5542
4226
9412
3619
6619
238
5687
8045
3932
1863
8068
1161
4092
7619
6490
3675
6735
1791
7895
5750
9607
8486
7561
810
1794
4348
3344
7947
1873
852
656
9367
3205
3464
1762
6498
6864
7940
1117
2679
3417
2629
9750
3559
4316
7646
3258
6165
2180
5939
832
9062
543
296
696
8404
3957
2245
8817
5035
6625
8030
8147
6986
6181
6663
6466
7204
1804
5064
5981
7251
6473
9783
6153
4986
3242
4955
7507
7013
6617
1850
7065
4484
2084
6009
1012
3147
4495
5179
4521
4889
302
5567
6513
7015
474
7327
2764
2620
295
101
1251
3088
8293
2820
7624
4173
5669
2491
4602
5042
4543
3026
8648
7336
94
5841
9005
8141
2091
1906
898
3454
5012
9717
3115
7205
1798
3330
6999
4248
5142
3321
3611
2905
4140
8828
8803
7691
166
2920
4562
8196
4467
557
6860
3985
8559
4934
1645
8910
690
660
6897
176
2811
9308
1755
168
8315
1109
2199
8942
3218
6266
3104
2772
2856
8767
7699
8742
1134
8657
6590
4979
5647
9749
1380
4914
4779
9899
999
5684
6664
1579
355
7295
3964
6202
1685
6644
8245
2854
4473
8246
2718
4255
3578
9875
4736
1298
9257
1223
3606
4304
9224
8312
8488
743
123
7161
4628
5856
917
8193
1578
3032
1819
5886
8654
7601
5789
7440
327
2793
2769
7920
6784
8279
2524
1449
5145
5876
6083
6047
1732
5183
2026
2021
3741
7618
8617
7827
9324
8395
5184
55
386
2564
2099
2623
2576
1050
7538
7790
6586
7087
6665
1388
6916
8736
3872
2644
8535
6635
8109
9346
2214
1592
1409
5257
3767
8331
8537
5468
9851
1370
1230
8226
9456
5663
5641
277
7
4605
6386
3739
8357
7622
2938
4812
9299
5853
7537
3050
5607
2142
3615
7697
3541
8937
2354
7112
5208
6474
6764
4433
8808
5675
8485
7443
1322
4917
8446
3627
4136
6913
3230
2777
9512
9407
6729
5921
9577
4676
4598
926
4594
1650
1239
858
5101
9824
3139
5011
1369
2841
6504
3752
9551
4126
471
3734
7387
5806
6053
8998
3175
9198
3224
1927
1681
198
1761
8781
5796
6692
2200
6210
9844
9375
3773
783
652
5283
8056
3221
7129
3036
8680
7402
5302
4427
823
4610
3040
6995
974
945
454
2573
456
8377
7657
8866
6843
3843
5282
2704
2118
816
7954
6867
4733
2816
2591
1684
9785
2190
9904
9073
4502
2119
6973
7074
8253
7136
978
5480
3343
4165
9317
1569
4027
9284
864
1255
278
3979
4026
8184
2986
1962
4186
9694
7679
9090
3371
5372
2067
145
8318
8970
1530
7375
319
136
4314
64
8515
6451
6990
3976
985
457
1148
5949
7521
6579
9621
317
3419
3447
6988
485
3235
5088
160
286
7055
462
1014
6342
2204
9116
1044
2230
300
9592
8965
3201
9541
799
8192
6396
9730
8849
9126
6558
8561
2374
5706
6858
4781
1354
4711
9077
1268
159
4600
9823
486
1262
4191
7500
8414
988
9833
4403
7524
842
6193
924
659
1807
4350
1503
8780
8599
3819
2192
5977
7560
3806
2912
1869
5879
9956
2483
7661
7132
4793
9604
9204
7319
9755
372
463
2810
1914
651
5228
8242
3538
2471
2814
8665
2815
323
6697
7884
5820
1368
1558
8750
1651
7249
1278
5689
8869
1677
8658
9556
8743
4498
8912
6127
6947
301
2494
6125
9326
6200
7836
1063
6964
938
6768
6301
6639
9801
4043
9893
1687
1237
9350
4890
5524
9347
7174
9641
8701
3929
72
8029
4647
3643
811
8670
9902
8112
2817
5870
6171
9143
6600
9780
3822
1551
9193
8450
546
4409
7556
1345
3975
1895
2295
4415
5955
7124
7103
3771
1876
9066
7927
4342
2220
6425
3116
7687
9538
430
3661
4359
9391
9581
915
4060
4287
9032
8606
4034
1416
1983
4971
580
6791
8637
8435
5243
3690
4090
8694
4891
9037
8459
27
6631
7131
3821
1543
1283
6711
4735
1950
2105
897
2413
5809
7803
7380
8944
7737
6314
8771
4065
8735
2525
6516
5489
4842
6752
2459
9049
8499
5503
6150
4404
4765
7763
9494
8679
8314
7547
1691
3142
549
7476
9515
7712
5469
4541
8107
9200
7715
2691
1419
9987
7995
8079
2990
5112
1793
6870
1022
8804
687
397
833
8913
6660
9598
4454
762
6385
4378
2874
7146
2801
613
4029
9352
3083
7037
1935
7548
3327
872
4942
9406
1451
408
3035
7338
8264
6279
5063
7696
5274
7229
1704
1560
7466
9093
4115
5242
8144
7232
5476
2736
1903
1186
1111
7392
406
8788
5158
3191
9107
6354
4625
2760
749
3994
4278
9408
205
1931
492
9120
4097
1771
7143
1989
1206
6334
1890
5161
7159
9735
6748
6710
4845
4214
2631
5935
4080
7044
2785
1922
5628
2234
9822
8073
4000
6981
2206
1540
5756
9030
2838
7998
20
1156
4694
4531
5859
3959
8639
3001
9135
883
4222
3355
4194
6296
2349
2051
6010
5023
8300
1594
6089
2555
7809
8280
1743
7789
6483
1412
4497
2124
6910
4782
5225
2383
1337
2513
6151
8442
5396
7346
4683
5940
8586
5613
1710
4147
7049
4941
6704
1783
2329
902
4593
2985
9814
9873
9653
7190
5432
1977
5581
8717
2473
1486
949
2661
2440
5081
1838
2735
5620
2212
540
4301
4724
1462
5108
1072
565
9113
7944
3885
4133
1827
2196
8132
1665
7389
9323
3078
8474
2919
9681
2344
7722
8682
6611
4613
8386
817
4127
5244
9872
4420
1679
43
5197
4009
2654
402
6512
3082
4383
9813
9925
6819
6779
6803
9622
7475
6206
493
2923
23
2423
4796
3879
8146
6491
2378
5250
1491
4057
9111
3087
1904
7281
6674
9924
3944
9545
5510
9720
2174
3589
5351
8810
6340
1781
5041
7424
1865
6028
5681
629
1342
2134
5248
2797
368
3659
2097
1130
263
2039
8255
6521
9930
358
8519
7517
9596
5024
5523
7010
5847
2309
4196
7769
1421
3393
697
7748
5612
5585
3864
7177
6286
865
4263
4276
9211
2586
4703
5414
6496
9971
7376
7505
1919
9085
5312
9782
6797
9392
1003
718
4734
733
4393
9082
8274
7313
9618
7925
3937
6158
3165
6930
773
6048
6245
4430
6557
7739
6116
4813
5757
403
5447
6921
8174
4496
75
9692
3489
3919
2163
8326
9716
4980
6741
3547
3809
8697
5959
4028
6781
6063
3847
1844
6520
4215
2275
9359
8967
6413
81
9469
9422
4438
1106
544
3228
7918
6808
7086
8060
7343
4841
2872
5102
6898
455
5734
6136
4552
2762
4849
2139
1990
5602
3338
9099
426
3159
7937
2773
8799
9837
8934
4149
344
2899
1338
4681
4818
5235
7948
1054
3151
6554
4871
7797
8397
2451
6401
9188
6698
2791
6578
8704
2681
2151
2267
2010
5889
9745
3631
3826
7685
2184
2713
9378
5533
788
2903
6793
9708
8292
257
3240
5766
603
5924
559
4669
5174
6598
5066
3583
9792
5355
5883
6227
2327
1080
1701
377
7802
4317
5027
4995
8222
9766
7726
7420
4185
6841
9289
9484
7756
2832
9669
5321
8291
3057
2933
6221
944
4829
8217
8449
8346
6255
790
6955
6745
7613
6111
5622
7676
9147
3391
7221
9409
7732
436
2951
8916
9868
9481
4423
3988
2123
9687
7022
4815
6571
3314
5505
4193
9038
5549
4932
4504
7668
2955
6460
9751
693
1114
2826
3601
3587
2127
8593
948
5040
4883
2213
8947
2337
5717
6456
1930
5553
9531
8826
9156
4948
1751
7771
6963
2946
5272
5695
9585
6634
7822
2908
6984
3697
677
8594
9040
8333
3505
7602
8802
3318
1019
1147
1353
2208
8473
6744
1878
8490
3198
5519
7587
6861
5157
9230
6267
2514
8813
17
2132
5521
3654
2351
9489
7399
1625
6816
1500
7891
4722
4300
5016
5625
6073
2663
7982
2818
847
9661
6974
6399
6749
3709
4238
9327
619
3077
7244
8623
155
332
6250
616
4469
4211
4346
3407
3426
4659
1847
5671
5562
8434
7222
3363
5105
2505
2896
6603
212
803
3044
9636
3093
3942
9292
1758
3747
3143
6936
8751
8678
8177
2755
7194
8076
3134
2308
4856
5893
5168
4921
2229
7349
8830
1422
7243
4358
8187
2041
7079
5345
8411
7757
3075
7889
9757
4617
6226
3839
953
1323
6352
3425
5084
3820
588
190
3056
5212
2488
1221
3982
9976
9865
4182
9498
6754
9330
119
1652
1131
7179
419
9975
9588
1694
6533
9608
522
5172
9194
2487
3232
4070
1559
8460
431
4171
2950
4568
9764
19
2703
5186
5909
185
3217
5386
2161
5253
2385
7512
351
8631
2600
5126
1330
7716
7468
4138
3622
7606
5431
2531
2185
8656
5306
9693
2745
9334
6529
7168
6865
3477
9282